6 0.148438 0.375000 0.293750 0.353125
6 0.269531 0.542188 0.235937 0.184375
6 0.046875 0.521875 0.090625 0.221875
6 0.196875 0.725000 0.275000 0.212500
6 0.482812 0.706250 0.278125 0.284375
6 0.533594 0.320312 0.432812 0.440625
6 0.635938 0.488281 0.171875 0.126562
6 0.767188 0.439063 0.168750 0.159375
6 0.831250 0.350781 0.256250 0.267188
6 0.789062 0.681250 0.328125 0.253125
6 0.814063 0.890625 0.303125 0.218750
6 0.609375 0.879687 0.259375 0.203125
6 0.437500 0.894531 0.225000 0.185938
6 0.265625 0.890625 0.196875 0.171875
