6 0.238281 0.546094 0.214062 0.173437
6 0.275781 0.657813 0.198437 0.140625
6 0.243750 0.843750 0.303125 0.300000
6 0.073438 0.639844 0.143750 0.135937
6 0.088281 0.901563 0.173437 0.196875
6 0.518750 0.924219 0.425000 0.151562
6 0.386719 0.757812 0.164062 0.150000
6 0.509375 0.642969 0.203125 0.104688
6 0.635156 0.746094 0.285938 0.192188
6 0.475781 0.798438 0.164062 0.162500
6 0.782031 0.657031 0.192188 0.142187
6 0.784375 0.807031 0.318750 0.242188
6 0.928906 0.672656 0.142187 0.129688
6 0.886719 0.932813 0.226562 0.134375
6 0.725781 0.432812 0.548438 0.343750
