6 0.235156 0.524219 0.226562 0.167187
6 0.061719 0.506250 0.120313 0.193750
6 0.261719 0.647656 0.192188 0.160938
6 0.216406 0.832031 0.251563 0.298438
6 0.488281 0.902344 0.401562 0.195312
6 0.372656 0.750781 0.198437 0.151562
6 0.499219 0.652344 0.217188 0.157812
6 0.718750 0.437500 0.543750 0.350000
6 0.746875 0.653906 0.212500 0.135937
6 0.921094 0.668750 0.157812 0.128125
6 0.778906 0.813281 0.317188 0.226562
6 0.850781 0.925000 0.298438 0.150000
6 0.618750 0.732812 0.218750 0.156250
6 0.467187 0.788281 0.146875 0.148438
6 0.053906 0.775781 0.104688 0.126562
6 0.073438 0.646875 0.143750 0.162500
