6 0.320312 0.256250 0.078125 0.134375
6 0.292969 0.378906 0.060937 0.114062
6 0.317969 0.712500 0.167187 0.175000
6 0.462500 0.802344 0.150000 0.173437
6 0.300000 0.556250 0.209375 0.206250
6 0.398438 0.514062 0.168750 0.165625
6 0.424219 0.371094 0.154688 0.117188
6 0.536719 0.376563 0.167187 0.312500
6 0.509375 0.602344 0.221875 0.195312
6 0.656250 0.714063 0.159375 0.212500
6 0.835938 0.622656 0.265625 0.210938
6 0.650000 0.497656 0.178125 0.210938
6 0.866406 0.478906 0.085938 0.120313
6 0.760156 0.414062 0.092188 0.175000
6 0.681250 0.336719 0.093750 0.089063
6 0.663281 0.251563 0.095312 0.093750
6 0.605469 0.300781 0.067187 0.117188
6 0.771094 0.327344 0.089063 0.085938
