6 0.642188 0.313281 0.253125 0.239063
6 0.235156 0.270313 0.132812 0.128125
6 0.332031 0.332031 0.164062 0.107813
6 0.500781 0.391406 0.170313 0.104688
6 0.514844 0.610938 0.167187 0.218750
6 0.232813 0.412500 0.209375 0.150000
6 0.507031 0.114062 0.207813 0.143750
6 0.323437 0.064844 0.146875 0.126562
6 0.864844 0.251563 0.164062 0.131250
6 0.450000 0.217188 0.168750 0.093750
6 0.720313 0.289844 0.171875 0.126562
6 0.724219 0.586719 0.132812 0.229687
6 0.873437 0.639062 0.068750 0.128125
6 0.800000 0.857031 0.081250 0.154688
6 0.621094 0.738281 0.104688 0.160938
6 0.469531 0.782031 0.142187 0.101562
6 0.491406 0.885938 0.095312 0.140625
6 0.501563 0.499219 0.909375 0.973437
