6 0.160156 0.558594 0.248438 0.223438
6 0.368750 0.547656 0.237500 0.254688
6 0.325000 0.743750 0.221875 0.228125
6 0.730469 0.441406 0.192188 0.270313
6 0.771094 0.291406 0.207813 0.164062
6 0.644531 0.230469 0.173437 0.182812
6 0.728906 0.171094 0.170313 0.117188
6 0.703906 0.076563 0.185938 0.150000
6 0.571875 0.110937 0.109375 0.218750
6 0.361719 0.060156 0.164062 0.117188
6 0.371094 0.213281 0.160938 0.132812
6 0.443750 0.364844 0.221875 0.182812
6 0.297656 0.385156 0.135937 0.154688
6 0.177344 0.304688 0.148438 0.215625
