6 0.231250 0.547656 0.221875 0.170313
6 0.701562 0.421875 0.493750 0.331250
6 0.751563 0.648438 0.203125 0.115625
6 0.923438 0.662500 0.153125 0.106250
6 0.791406 0.802344 0.317188 0.207813
6 0.877344 0.933594 0.245312 0.132812
6 0.497656 0.908594 0.392188 0.182812
6 0.228125 0.824219 0.268750 0.323437
6 0.077344 0.636719 0.151562 0.157812
6 0.050781 0.755469 0.098437 0.145313
6 0.088281 0.894531 0.173437 0.210938
6 0.271875 0.657813 0.203125 0.128125
6 0.511719 0.655469 0.229687 0.145313
6 0.606250 0.758594 0.268750 0.201563
6 0.464844 0.800000 0.151562 0.159375
6 0.368750 0.760156 0.187500 0.164062
