6 0.719531 0.447656 0.507812 0.360938
6 0.233594 0.544531 0.210938 0.148438
6 0.271875 0.668750 0.253125 0.156250
6 0.229687 0.822656 0.315625 0.317188
6 0.500000 0.932031 0.390625 0.135937
6 0.800781 0.822656 0.348438 0.239063
6 0.770312 0.658594 0.146875 0.126562
6 0.607812 0.747656 0.265625 0.185938
6 0.509375 0.662500 0.187500 0.118750
6 0.376563 0.774219 0.156250 0.139063
6 0.269531 0.653906 0.239063 0.170313
6 0.464062 0.798438 0.153125 0.175000
6 0.929688 0.682813 0.140625 0.134375
6 0.852344 0.936719 0.295312 0.126562
