6 0.299219 0.329688 0.248438 0.393750
6 0.577344 0.742188 0.170313 0.234375
6 0.835156 0.642188 0.170313 0.296875
6 0.351562 0.699219 0.143750 0.195312
6 0.250000 0.662500 0.153125 0.303125
6 0.059375 0.654687 0.115625 0.253125
6 0.468750 0.300000 0.212500 0.243750
6 0.524219 0.420312 0.117188 0.140625
6 0.677344 0.372656 0.167187 0.235937
6 0.096875 0.386719 0.118750 0.179688
6 0.420312 0.100000 0.125000 0.156250
6 0.717187 0.221875 0.146875 0.215625
6 0.616406 0.182812 0.095312 0.150000
6 0.669531 0.871094 0.148438 0.164062
6 0.789062 0.171875 0.159375 0.265625
6 0.692187 0.122656 0.131250 0.201563
6 0.500781 0.500781 0.998437 0.998437
