6 0.214062 0.329688 0.131250 0.259375
6 0.203125 0.626563 0.209375 0.218750
6 0.338281 0.832812 0.229687 0.221875
6 0.739062 0.475000 0.225000 0.287500
6 0.472656 0.399219 0.198437 0.198437
6 0.404687 0.618750 0.250000 0.262500
6 0.334375 0.419531 0.150000 0.204687
6 0.396094 0.239063 0.148438 0.184375
6 0.386719 0.061719 0.179688 0.120313
6 0.570312 0.117969 0.146875 0.232813
6 0.711719 0.078906 0.229687 0.154688
6 0.674219 0.250781 0.167187 0.210938
6 0.761719 0.201563 0.145313 0.140625
6 0.782813 0.294531 0.181250 0.182812
