6 0.553125 0.498437 0.178125 0.150000
6 0.399219 0.439063 0.142187 0.153125
6 0.399219 0.323437 0.151562 0.190625
6 0.274219 0.249219 0.170313 0.142187
6 0.117969 0.203906 0.142187 0.201563
6 0.068750 0.375781 0.134375 0.251563
6 0.179688 0.082812 0.146875 0.125000
6 0.281250 0.038281 0.140625 0.073438
6 0.371094 0.153906 0.145313 0.142187
6 0.462500 0.167969 0.168750 0.179688
6 0.505469 0.076563 0.126562 0.118750
6 0.607031 0.079687 0.126562 0.156250
6 0.715625 0.207813 0.203125 0.193750
6 0.838281 0.088281 0.189062 0.173437
6 0.828125 0.377344 0.128125 0.189062
6 0.703125 0.361719 0.125000 0.157812
6 0.568750 0.318750 0.178125 0.221875
6 0.697656 0.503125 0.114062 0.143750
6 0.834375 0.553906 0.187500 0.217188
6 0.939844 0.717969 0.110937 0.157812
6 0.932813 0.892969 0.134375 0.214062
6 0.810156 0.939844 0.117188 0.082812
6 0.767188 0.677344 0.221875 0.260937
6 0.679688 0.805469 0.175000 0.254688
6 0.538281 0.756250 0.223438 0.218750
6 0.541406 0.925000 0.132812 0.150000
6 0.359375 0.828125 0.128125 0.159375
6 0.253906 0.705469 0.248438 0.257812
6 0.415625 0.577344 0.309375 0.160938
6 0.234375 0.417187 0.221875 0.206250
6 0.150781 0.557813 0.151562 0.175000
6 0.267969 0.886719 0.070312 0.110937
6 0.158594 0.922656 0.145313 0.154688
6 0.500781 0.500781 0.998437 0.998437
