6 0.079687 0.415625 0.143750 0.231250
6 0.115625 0.672656 0.209375 0.229687
6 0.371875 0.394531 0.265625 0.476562
6 0.400781 0.091406 0.176563 0.179688
6 0.494531 0.312500 0.154688 0.134375
6 0.530469 0.415625 0.189062 0.159375
6 0.625000 0.491406 0.234375 0.292187
6 0.519531 0.792188 0.179688 0.321875
6 0.684375 0.775781 0.237500 0.351562
6 0.827344 0.685156 0.235937 0.242188
6 0.674219 0.303125 0.295312 0.253125
6 0.668750 0.139063 0.171875 0.218750
6 0.852344 0.192969 0.164062 0.167187
6 0.842969 0.327344 0.176563 0.229687
